1
1
1
7
7
1
1
4
4
4
4
-1
1
1
4
4
4
4
4
4
1
1
1
-1
7
4
4
-1
-1
-1
2
2
2
3
3
2
2
3
3
3
3
2
3
3
3
3
3
3
3
3
3
3
3
3
3
3
3
14
3
-1
5
5
5
5
5
5
5
5
5
5
5
5
5
5
5
5
5
5
5
5
5
5
5
5
5
5
5
5
-1
6
6
6
6
6
6
6
6
6
6
6
6
6
6
6
6
6
6
6
6
6
6
6
6
6
6
6
6
6
6
-1
8
8
8
8
8
2
2
8
8
8
8
8
8
8
8
8
8
8
2
8
8
8
8
8
8
8
8
8
8
-1
-1
-1
-1
-1
-1
2
2
-1
-1
-1
-1
-1
-1
-1
-1
-1
-1
-1
-1
-1
-1
-1
-1
-1
-1
-1
-1
-1
-1
-1
9
2
9
9
9
2
2
9
9
9
9
9
9
9
9
9
9
9
9
9
9
9
9
9
9
9
9
9
9
-1
-1
-1
-1
-1
-1
2
2
-1
-1
2
2
-1
-1
-1
-1
-1
-1
-1
-1
-1
-1
-1
-1
-1
-1
-1
-1
-1
-1
-1
-1
-1
-1
-1
-1
2
2
-1
-1
-1
-1
-1
-1
-1
-1
-1
-1
-1
-1
-1
-1
-1
-1
-1
-1
-1
-1
-1
-1
-1
9
9
9
9
9
2
2
9
9
9
9
9
9
9
9
9
9
9
9
9
9
9
9
9
9
9
9
9
9
-1
8
8
2
8
8
2
2
8
8
8
8
8
8
8
8
8
8
8
2
8
8
8
8
8
8
8
8
8
8
-1
10
10
10
11
11
2
2
11
11
11
11
11
11
11
11
11
11
11
11
11
11
11
11
11
11
11
11
11
11
-1
12
12
12
12
12
12
12
12
12
12
12
12
12
12
12
12
12
12
12
12
12
12
12
13
12
12
12
12
12
-1
-1
-1
-1
-1
-1
-1
-1
-1
-1
-1
-1
-1
-1
-1
-1
-1
-1
-1
-1
-1
-1
-1
-1
-1
7
-1
-1
-1
-1
-1
7
7
7
7
7
7
7
7
7
7
7
7
7
7
7
7
7
7
7
7
7
7
7
7
7
7
7
7
7
-1